2
40 40
80

5
10 2 6 8 4
10

3
1 4 5
5

5
2 4 1 8 6
10

4
10 35 20 10
30

8
2 3 8 10 4 6 1 15
14

10
20 30 10 70 80 35 15 25 60 40
100

15
20 30 10 70 80 35 15 25 60 40 25 75 65 55 90
120

8
10 30 20 50 70 80 40 60
70

6
15 25 10 45 55 20
45

7
10 30 20 15 25 60 40
70

20
20 30 10 70 80 35 15 25 60 40 25 75 65 55 90 10 30 20 15 25
120

11
20 30 10 70 80 35 15 25 60 40 50
80

12
10 30 20 15 25 60 40 10 70 80 25 60
50

13
15 25 10 45 55 20 10 30 20 50 70 80 40
40

10
10 30 20 15 25 60 40 60 40 50
100

8
25 60 40 25 75 65 10 70
85

9
15 25 60 40 25 75 65 55 90
100

10
30 10 50 80 25 75 65 55 90 10
140

25
35 15 25 60 40 25 75 65 55 90 70 80 35 15 25 60 40 90 10 30 20 15 25 25 75
170

6
90 60 80 20 10 25
90

9
35 15 25 60 40 25 75 65 55
100

10
10 30 20 15 25 30 20 15 25 25
45

14
80 35 15 25 60 40 80 35 15 25 60 40 25 75
120

8
80 35 15 25 60 10 40 25
50





 











		